0.00450850635
0.0130928920625
0.007650527166666667
0.015896268
0.014388086666666666
0.010227701333333334
0.006011194066666668
0.009687662
0.00921789
0.0060703345
0.017678203875
0.008913276875
0.013578182
0.014180563333333333
0.004715645475
0.01448532875
0.0026699234833333333
0.01850715
0.014152537599999997
0.009845275
0.00750509925
0.00882383616
0.018378404125
0.0046043208
0.013414187
0.0052302226
0.0070061865
0.04095104
0.009930850314285714
0.018203994
0.011332846337499999
0.008981629682499999
0.015060904016666666
0.01791158275
0.0136139615
0.014394666
0.01296321094
0.011423464
0.010888044214285715
0.005308196465
0.005748705166666666
0.019100507325000002
0.030230149249999998
0.0050946621
0.010745525
0.009286527666666667
0.011906345
0.019027883
0.026408383400000002
0.022563489000000003
0.011824265333333334
0.016283231000000002
0.005020652666666667
0.00902593185
0.0089184528
0.0098650235
0.0139109625
0.0157977475
0.010803849999999999
0.0120062115
0.001985953
0.01286582475
0.022693954
0.030275424250000002
0.01518943882857143
0.011059933159999999
0.019839075999999997
0.01954719712857143
0.00844842336
0.01130339
0.0016191137
0.016267074125
0.010110689275000001
0.012419731
0.009984861
0.01333373
0.0110392025
0.0133995937
0.008766450040000002
0.011574747
0.018338215
0.0149858535
0.013221449766666666
0.008851565
0.0056728904
0.015237015999999999
0.006377788171666667
0.00495098388
0.008701120875
0.015735231
0.010245124925
0.00995341556
0.00895268628
0.0161306595
0.013948905000000001
0.0077569458660019
0.008482186000000001
0.013796316
0.02224233775
0.012852351
