2	0.01579774750000000000 
3	0.00567289040000000000 
4	0.01357818200000000000 
5	0.01104310495533400000 
6	0.01379631600000000000 
7	0.00502065266666666000 
8	0.00878198938253967000 
9	0.00666617125500000000 
10	0.00919802608333333000 
13	0.01153549520000000000 
14	0.01241973100000000000 
15	0.02123720838888890000 
16	0.01341418700000000000 
17	0.01495217866249990000 
18	0.00993085031428571000 
19	0.01324624288125000000 
20	0.01157474700000000000 
21	0.01262040075416660000 
22	0.01199487038666660000 
23	0.01613065950000000000 
24	0.00706147134388889000 
25	0.01371499060250000000 
26	0.01232425393750000000 
27	0.01286582475000000000 
28	0.01740591016666670000 
29	0.01518943882857140000 
30	0.01478323393541670000 
31	0.01954719712857140000 
32	0.01103920250000000000 
33	0.00776428482416667000 
34	0.01409174500000000000 
35	0.00792887575000000000 
36	0.00354030755000000000 
37	0.01333373000000000000 
39	0.01217404078000000000 
40	0.01038633077000000000 
42	0.03381887116666660000 
44	0.01220525038500000000 
46	0.01830245825000000000 
47	0.01357188713666670000 
48	0.00586490148750000000 
51	0.01791158275000000000 
52	0.01183730716666660000 
53	0.00608853388500000000 
54	0.00460432080000000000 
55	0.00989278800000000000 
56	0.01563230493750000000 
57	0.01414374967999990000 
58	0.01273864636111110000 
59	0.00916480348750000000 
60	0.00607033450000000000 